0.025 0.0 0.0
0.07500000000000001 0.0 0.0
0.125 0.0 0.0
0.17500000000000002 0.0 0.0
0.225 0.0 0.0
0.275 0.0 0.0
0.325 0.0 0.0
0.375 0.0 0.0
0.42500000000000004 0.0 0.0
0.47500000000000003 0.0 0.0
0.525 0.0 0.0
0.5750000000000001 0.0 0.0
0.625 0.0 0.0
0.675 0.0 0.0
0.7250000000000001 0.0 0.0
0.775 0.0 0.0
0.8250000000000001 0.0 0.0
0.875 0.0 0.0
0.925 0.0 0.0
0.9750000000000001 0.0 0.0
1.0250000000000001 0.0 0.0
1.075 0.0 0.0
1.125 0.0 0.0
1.175 0.0 0.0
1.225 0.0 0.0
1.2750000000000001 0.0 0.0
1.3250000000000002 0.0 0.0
1.375 0.0 0.0
1.425 0.0 0.0
1.475 0.0 0.0
1.5250000000000001 0.0 0.0
1.5750000000000002 0.0 0.0
1.625 0.0 0.0
1.675 0.0 0.0
1.725 0.0 0.0
1.7750000000000001 0.0 0.0
1.8250000000000002 0.0 0.0
1.875 0.0 0.0
1.925 0.0 0.0
1.975 0.0 0.0
2.025 0.0 0.0
2.075 0.0 0.0
2.125 0.0 0.0
2.1750000000000003 0.0 0.0
2.225 0.0 0.0
2.275 0.0 0.0
2.325 0.0 0.0
2.375 5.127813314774364e-7 5.9256625631453416e-8
2.4250000000000003 7.712879753796392e-5 9.362546849769627e-6
2.475 0.0029441903965832603 0.00037918314741564366
2.5250000000000004 0.039113809805389525 0.00549267439965692
2.575 0.23550430781131554 0.03751234759936538
2.625 0.7741196824921027 0.14688840495978023
2.6750000000000003 1.6193256823172797 0.38448068974712124
2.725 2.43982725872407 0.7559616017065878
2.7750000000000004 2.907600823624608 1.215056041953697
2.825 2.9406581813187698 1.6962474556686544
2.875 2.670237790668624 2.1487906611557888
2.9250000000000003 2.276835639660831 2.548200998474149
2.975 1.8904860391808103 2.891274817415562
3.0250000000000004 1.5664966172234913 3.1851927173607275
3.075 1.3230603539142216 3.4417130497903834
3.125 1.1498918489165233 3.6719724456690956
3.1750000000000003 1.0340847132838669 3.885724841858918
3.225 0.9592685462141456 4.090308460364719
3.2750000000000004 0.9132505956951875 4.29116845177254
3.325 0.8860111309727403 4.492033539250121
3.375 0.8705456025187595 4.6953733019273205
3.4250000000000003 0.865928883280243 4.9036721923470115
3.475 0.8660629019720701 5.118129564611942
3.5250000000000004 0.8705223932266174 5.339936121357599
3.575 0.878107669940435 5.5700679377212845
3.625 0.8875893435577291 5.809235441387817
3.6750000000000003 0.8975780338598194 6.0578111787624165
3.725 0.9094412288139407 6.316569870968689
3.7750000000000004 0.9231449818434494 6.586322800468149
3.825 0.9350127458803612 6.866826955839002
3.875 0.9492654019944776 7.159098884494076
3.9250000000000003 0.9650152871883088 7.463935706561174
3.975 0.9780648802907035 7.780813297186776
4.025 0.992284716552654 8.110433906641155
4.075 1.0068874489066941 8.453266788142692
4.125 1.0204178949639005 8.809281661555834
4.175 1.032939234785717 9.178452631734897
4.2250000000000005 1.0449568162968368 9.560914744529882
4.275 1.0562417479765647 9.95670817593292
4.325 1.0644202189042988 10.36495029850527
4.375 1.072459360947335 10.785838792349898
4.425 1.077807492627908 11.218547560849116
4.4750000000000005 1.081862112910464 11.662754722012338
4.525 1.083094904759797 12.117460201768836
4.575 1.0822299310073098 12.58189994518765
4.625 1.0794441463329945 13.055322104202762
4.675 1.0746319871107979 13.536879723864152
4.7250000000000005 1.0688427754970975 14.026141001140667
4.775 1.0606708427392988 14.521991792957412
4.825 1.052069374734124 15.024174866302248
4.875 1.040923550996002 15.531390367835522
4.925000000000001 1.029683809884679 16.043475282580072
4.9750000000000005 1.0178453351823826 16.560003792424
5.025 1.0061209428448805 17.080895663896374
5.075 0.9946280203695047 17.606139045672
5.125 0.9832829515527693 18.13567651808065
5.175000000000001 0.9716565749882151 18.669212272047183
5.2250000000000005 0.9616258119757106 19.207495548346
5.275 0.9522072800866127 19.750755136808756
5.325 0.9431847962660367 20.29912270565746
5.375 0.935118865333326 20.85306063434226
5.425000000000001 0.9285083893178891 21.413362487593062
5.4750000000000005 0.9229669950114584 21.980637956831536
5.525 0.918495759217451 22.555527013614213
5.575 0.9149522675894655 23.138609484022947
5.625 0.9126847867562078 23.73072953794637
5.675000000000001 0.9128692113102334 24.333543872124245
5.7250000000000005 0.9141092821080364 24.947862406115185
5.775 0.9183653590128913 25.575870346502995
5.825 0.9228449487008706 26.217918966564447
5.875 0.92919188802953 26.87553050975516
5.925000000000001 0.9365108824304728 27.549653615394945
5.9750000000000005 0.9447755911100412 28.241250077774186
6.025 0.9539255237611048 28.951283824422728
6.075 0.9632309416333943 29.68019122113081
6.125 0.9730919881291298 30.42873193784008
6.175000000000001 0.9821810825536537 31.196646904581975
6.2250000000000005 0.9915222102896624 31.984468838421904
6.275 1.000379957587811 32.79214932669672
6.325 1.0086208107517844 33.61951202168809
6.375 1.0164775225732379 34.46655016814061
6.425000000000001 1.0233100172897036 35.332710605454665
6.4750000000000005 1.0292902200974525 36.21754612387586
6.525 1.0353725684205806 37.121406159726384
6.575 1.0397211998787455 38.04302516925151
6.625 1.0438802349123748 38.98245577233613
6.675000000000001 1.0463625303895774 39.9383855532347
6.7250000000000005 1.048503765327116 40.910672770098934
6.775 1.0503937576166358 41.89925004814601
6.825 1.050539178668854 42.902612150570974
6.875 1.0504744600050013 43.92066420751672
6.925000000000001 1.0494400428479906 44.95256181206743
6.9750000000000005 1.0473119758221838 45.99728936491705
7.025 1.0448654754405893 47.054571441269125
7.075 1.0419946112261667 48.12401279943106
7.125 1.0386822777891456 49.205174821859714
7.175000000000001 1.0346230252192747 50.29727751359193
7.2250000000000005 1.030508990384609 51.400249885190284
7.275 1.0261903540399853 52.513853902789535
7.325 1.021493137950275 53.63765296357188
7.375 1.0167641687312945 54.77156873027867
7.425000000000001 1.012060816611647 55.915594980963625
7.4750000000000005 1.007338833970904 57.0696750070369
7.525 1.0030352778259382 58.234246003881275
7.575 0.9995947489931453 59.41029293512865
7.625 0.9960696475408123 60.597714294179475
7.675000000000001 0.9926679587399664 61.79665674118255
7.7250000000000005 0.9897350818583586 63.00768031050463
7.775 0.9871514077246034 64.23122907130056
7.825 0.9844120858050595 65.46712501666553
7.875 0.9830085947537943 66.71708279632026
7.925000000000001 0.9819178669884316 67.98155732337828
7.9750000000000005 0.981108838169252 69.26098259336581
8.025 0.9805168853634142 70.55572226419594
8.075000000000001 0.9810805879400297 71.86739611572827
8.125 0.9814170633781898 73.19582086722102
8.175 0.9817390464679695 74.54108658874392
8.225 0.9830647773308978 75.9046979245364
8.275 0.9835519866586853 77.28562250566686
8.325000000000001 0.9849975535887996 78.68534091818171
8.375 0.9864364905982737 80.10399004488688
8.425 0.9884811819326729 81.5426114987483
8.475 0.9899509134091656 83.00051855473089
8.525 0.9916332899694515 84.47818976934325
8.575000000000001 0.9932390452076034 85.97566395567577
8.625 0.9946536036011274 87.49280855665683
8.675 0.9963861011945117 89.03026899545218
8.725 0.9978965429173907 90.58786388753084
8.775 0.9992346498327654 92.1654727049165
8.825000000000001 1.0001793832855415 93.76262086129532
8.875 1.0013449170309399 95.37980563826804
8.925 1.0024405028219658 97.01704961261021
8.975 1.0031054455903177 98.67378670577628
9.025 1.0033781326588904 100.34949320770933
9.075000000000001 1.0038507113397646 102.04461289127907
9.125 1.0042216703406694 103.75909675125588
9.175 1.00471507804226 105.49327780987483
9.225 1.0046711679604827 107.24633364443022
9.275 1.0046353713962737 109.01837719805128
9.325000000000001 1.0045564351626404 110.80943703242792
9.375 1.0041563108578024 112.61903820570858
9.425 1.0039255585622595 114.44757619661348
9.475 1.003540344438158 116.29485356206422
9.525 1.0033940051093881 118.16140645600899
9.575000000000001 1.0028821770314977 120.04664669718333
9.625 1.002427710312719 121.9507617142935
9.675 1.0023276379075745 123.87452350265774
9.725000000000001 1.0020734985819633 125.81772816023016
9.775 1.0018456016560082 127.78051938432426
9.825000000000001 1.0013984377318739 129.7625531902281
9.875 1.0013434505680707 131.76470325763214
9.925 1.0009154470683177 133.78631491933666
9.975000000000001 1.0010185776943858 135.82855807890107
10.025 1.0008468831290416 137.89097100869571
10.075000000000001 1.0008503779309486 139.97400968845878
10.125 1.0007197443935083 142.07750245174313
10.175 1.0010676187845495 144.2025635008819
10.225000000000001 1.0009736201211321 146.34835678414177
10.275 1.0009993049302472 148.51524412248233
10.325000000000001 1.0010816732375374 150.70344488393133
10.375 1.0014076271499825 152.9136158096684
10.425 1.001566089902746 155.14548799312672
10.475000000000001 1.0014799187754044 157.39862643141677
10.525 1.002090815341141 159.67471454601989
10.575000000000001 1.0021113439842635 161.97252720619707
10.625 1.0020706278252351 164.29202642845533
10.675 1.0021704380060465 166.63364188258197
10.725000000000001 1.002512513245476 168.9980443535837
10.775 1.0022938333154061 171.38402737656205
10.825000000000001 1.0024205933326515 173.792506999689
10.875 1.0025820629091722 176.2236804290172
10.925 1.0024188127109355 178.6768570878334
10.975000000000001 1.0020706490614375 181.15168125861055
11.025 1.001921468474263 183.6487349006715
11.075000000000001 1.0019923454781614 186.16866521487924
11.125 1.001600879337528 188.71040860406254
11.175 1.0017786502452952 191.2755059775124
11.225000000000001 1.0013322102790707 193.8624552982832
11.275 1.0012768681409843 196.4723526954358
11.325000000000001 1.0010015578598295 199.10473093047725
11.375 1.0006459803538565 201.75946135727094
11.425 1.0003366331123669 204.43675089996003
11.475000000000001 1.000229719190435 207.13724243367
11.525 0.9997982704157724 209.86013889752977
11.575000000000001 0.9996844627573928 212.6064021450911
11.625 0.9994484634762323 215.37578661689275
11.675 0.9994376016318891 218.16902235456183
11.725000000000001 0.9990352879225447 220.98509666237072
11.775 0.9989923428435692 223.8251182910384
11.825000000000001 0.9988431587090285 226.6888800201464
11.875 0.9985819197230837 229.5761586892431
11.925 0.9986574169003536 232.48802281380082
11.975000000000001 0.9987573499587927 235.42465016369863
12.025 0.9987758151782973 238.38590444869035
12.075000000000001 0.9986474266122874 241.3714510466194
12.125 0.9985747607466047 244.38155862702408
12.175 0.9988005037981618 247.41722767876863
12.225000000000001 0.9988623830600909 250.47807255973942
12.275 0.9988541210457859 253.56398180821586
12.325000000000001 0.9992825757804622 256.6764176406992
12.375 0.9994615781823909 259.81472029391085
12.425 0.999643525383904 262.97901148097253
12.475000000000001 0.9996421437872279 266.16880920847973
12.525 1.0000487045134647 269.38553907233864
12.575000000000001 1.0000497602740452 272.628004266476
12.625 1.0002559972482996 275.89698318593065
12.675 1.0005810875346544 279.1929718086601
12.725000000000001 1.0007493544906145 282.5155753670197
12.775 1.0008892015668902 285.8648094455058
12.825000000000001 1.0009738160541202 289.24059866968855
12.875 1.0013781897944085 292.64413338666475
12.925 1.0011768901878075 296.07346049805045
12.975000000000001 1.001592661966021 299.53080900108245
13.025 1.0016551352242549 303.01507352265753
13.075000000000001 1.0016950390300499 306.5262800171834
13.125 1.0016632398797145 310.0642807578915
13.175 1.0018453073917155 313.6299334251822
13.225000000000001 1.0017680378568476 317.2224323067119
13.275 1.002018002428999 320.84304863487637
13.325000000000001 1.0016860710253075 324.48978356517256
13.375 1.0018203604561184 328.1644236848741
13.425 1.001505173906474 331.8654322326406
13.475000000000001 1.0015472626900332 335.5942150719224
13.525 1.0013883599310098 339.35012156496924
13.575000000000001 1.0014741278210644 343.13417246640944
13.625 1.0011615998073162 346.9449632757061
13.675 1.0012887535219686 350.7842591884832
13.725000000000001 1.0012095061438555 354.65137573145
13.775 1.001064210848655 358.54615249692876
13.825000000000001 1.0009412956993153 362.4687760840283
13.875 1.0010310018079709 366.4201791327803
13.925 1.0007895648571719 370.3991542894378
13.975000000000001 1.000688718556618 374.4063486363579
14.025 1.00057736237861 378.4418202450263
14.075000000000001 1.0007496264203726 382.5068136230971
14.125 1.0005680159773438 386.59999525946955
14.175 1.000466701514953 390.7217825578118
14.225000000000001 1.0002124893786777 394.87164884523804
14.275 1.0002932817754173 399.05107453002
14.325000000000001 1.0001135922708553 403.2590774928521
14.375 1.0001717404612982 407.49675149252573
14.425 1.0003640426567586 411.76477946165403
14.475000000000001 1.0001461617962535 416.0615093255138
14.525 1.0002867181080075 420.38858290742485
14.575000000000001 1.0000417104239865 424.7444304993857
14.625 1.0003111839341376 429.1313984859927
14.675 1.0004614717518223 433.5490711820211
14.725000000000001 1.0002678665117068 437.99604236848404
14.775 1.00040806875475 442.47388916048186
14.825000000000001 1.0000919511780733 446.98067149608073
14.875 1.0002879924006163 451.518797268267
14.925 1.0004892150866769 456.0883969008751
14.975000000000001 1.000437618969583 460.68843020310015
15.025 1.000508946522682 465.3195598417851
15.075000000000001 1.0005209481438695 469.9816187725019
15.125 1.000393915008693 474.6740585751744
15.175 1.0003687056573038 479.39746002400324
15.225000000000001 1.0004432725589256 484.15239589351324
15.275 1.0005108068072517 488.93893047716114
15.325000000000001 1.0005599879094842 493.7570986178386
15.375 1.0005683339764195 498.6067908092908
15.425 1.0007168402540967 503.4888061271349
15.475000000000001 1.0009482875363371 508.40365275617427
15.525 1.000679327018731 513.3489827118813
15.575000000000001 1.0009031839962064 518.3273329481634
15.625 1.0006908604752989 523.3366393789876
15.675 1.000596383106569 528.3775826259549
15.725000000000001 1.0006091111854223 533.4508039642681
15.775 1.000557102259386 538.5560635231049
15.825000000000001 1.0004928035394525 543.6934091818146
15.875 1.000615943595239 548.8639078559492
15.925 1.0006969102167547 554.0674560834311
15.975000000000001 1.0006426154630104 559.3034365287446
16.025000000000002 1.0005000954144176 564.5714944817319
16.075 1.0006052405220138 569.8730436276924
16.125 1.0006923598237907 575.2080796409034
16.175 1.0009008814134714 580.5773754055372
16.225 1.0004980654530313 585.9777508555193
16.275000000000002 1.0008194954695668 591.413202494703
16.325 1.0007223265605503 596.8815633082983
16.375 1.0006581730523436 602.3831189724922
16.425 1.0006778638531282 607.9184419655421
16.475 1.0003727761751513 613.485808334444
16.525000000000002 1.0006414415089784 619.0885295764626
16.575 1.0006265866978805 624.7251247500063
16.625 1.0007722484724004 630.3965947587491
16.675 1.0008320322023982 636.1025741670733
16.725 1.0006494550380964 641.841775861814
16.775000000000002 1.0005867742535581 647.6149838081292
16.825 1.0007558936782284 653.4236323126418
16.875 1.000642395864883 659.2662048797836
16.925 1.0007047601073844 665.1438121564961
16.975 1.000641810083798 671.0558250744375
17.025000000000002 1.0006612576636265 677.0028386293965
17.075 1.0007113787439006 682.9851335199892
17.125 1.0007752148493012 689.0028939750806
17.175 1.000611957158842 695.0548546879374
17.225 1.000437951401086 701.1410464127592
17.275000000000002 1.000734467055332 707.2644461431366
17.325 1.0005809029561668 713.4223958046307
17.375 1.000652493079488 719.6163832718516
17.425 1.0007091016187217 725.8464251366609
17.475 1.000701672891877 732.1122236345033
17.525000000000002 1.0006526628073307 738.4136158689203
17.575 1.000833556197373 744.7521593410689
17.625 1.0006974935351813 751.1259577203954
17.675 1.0006627376214632 757.5357424707048
17.725 1.0007318011625363 763.9823034828065
17.775000000000002 1.0004667246963665 770.4635498274193
17.825 1.0006824675458972 776.9823082825956
17.875 1.000640878353306 783.53176024769
17.925 1.0006889883884427 790.0937187976822
17.975 1.0005732507895806 796.6456341199676
18.025000000000002 1.000517043377352 803.17954615351
18.075 1.000665213529395 809.6955171177555
18.125 1.0006115664249537 816.1919764751159
18.175 1.0005675232949194 822.668783135563
18.225 1.0004978794202701 829.125568937674
18.275000000000002 1.0005943946830564 835.5631999170471
18.325 1.0005741258966918 841.9807186050991
18.375 1.0004723643700764 848.3773991674441
18.425 1.0005104813088312 854.7539326548454
18.475 1.000592468266207 861.1103906493067
18.525000000000002 1.0003297475449517 867.4443817311787
18.575 1.0005162250189983 873.7585471460574
18.625 1.000557186109949 880.051758055196
18.675 1.0006541784656542 886.3241594003264
18.725 1.0004652836903716 892.5737560700977
18.775000000000002 1.0006200296888734 898.8024887782757
18.825 1.0007755052393477 905.0101508969947
18.875 1.0006231409765185 911.1946289202019
18.925 1.0006834260092663 917.3570317763642
18.975 1.000666772419299 923.4966810956569
19.025000000000002 1.0006246030034331 929.6132169533179
19.075 1.0005849788095447 935.7064509725457
19.125 1.0005412102169826 941.7761551931078
19.175 1.0007190536541501 947.8234649719268
19.225 1.0004103712349277 953.8452378709087
19.275000000000002 1.0006297693587514 959.844448157865
19.325000000000003 1.0007085930250503 965.8200452128021
19.375 1.0005825451515247 971.7705984622903
19.425 1.0008598585677921 977.6982967275493
19.475 1.0005365253127494 983.5993810645413
19.525000000000002 1.0008577228713507 989.4774480541545
19.575000000000003 1.000706520480592 995.3295122290817
19.625 1.0007187953964567 1001.1563283409623
19.675 1.0006188701517353 1006.9570404870977
19.725 1.0005945094722402 1012.7318820200524
19.775000000000002 1.0006518111907161 1018.4811207205543
19.825000000000003 1.0006981632771388 1024.2044867339262
19.875 1.0004272803114171 1029.899965097855
19.925 1.0006725590459793 1035.5702891427097
19.975 1.0007521566253488 1041.214307690026
20.025000000000002 1.0007582613098849 1046.8313999081415
20.075000000000003 1.0006701871458688 1052.420829948301
20.125 1.0005581854083958 1057.9822694102534
20.175 1.000577348252301 1063.5162415300035
20.225 1.0004862617978927 1069.0219350843706
20.275000000000002 1.0006663853483513 1074.5006342829215
20.325000000000003 1.0008213255792058 1079.951984889556
20.375 1.0004122922881507 1085.3727196717198
20.425 1.0005885022669678 1090.765808986264
20.475 1.000557650998425 1096.1299288624223
20.525000000000002 1.0006116810388168 1101.4653250374006
20.575000000000003 1.0006721988115428 1106.7718292224065
20.625 1.000625419859231 1112.0486665185326
20.675 1.0006631933342125 1117.2960762040161
20.725 1.0005142191815746 1122.5128740944795
20.775000000000002 1.0005850576818682 1127.7000083551916
20.825000000000003 1.0005137794275798 1132.8565377538794
20.875 1.0005143723130374 1137.9826236463584
20.925 1.0006128167282198 1143.0785646860163
20.975 1.0006024662989403 1148.1435940328545
21.025000000000002 1.000620531899399 1153.1776507710813
21.075000000000003 1.0005939197818488 1158.1803137638337
21.125 1.000874326284874 1163.1528956046348
21.175 1.000391084709866 1168.0914059523218
21.225 1.000681226502183 1172.999462660906
21.275000000000002 1.000853687557524 1177.8762711583206
21.325000000000003 1.000828147328634 1182.7206572744926
21.375 1.0006753171455476 1187.5318058160296
21.425 1.0005874921302877 1192.3098246300203
21.475 1.0004618459715284 1197.0543379701587
21.525000000000002 1.0006296361675493 1201.766536776141
21.575000000000003 1.0006351931109665 1206.4454412989094
21.625 1.000606196871573 1211.090685391762
21.675 1.000730412758551 1215.7027727952877
21.725 1.0006629814608623 1220.2806133060726
21.775000000000002 1.0006608823176608 1224.8243039864926
21.825000000000003 1.0006756926164146 1229.3337104424922
21.875 1.0005249955817945 1233.8078897234188
21.925 1.0006534597689303 1238.2478952342803
21.975 1.0007879060369835 1242.6535262136451
22.025000000000002 1.0006191005483196 1247.0232511147672
22.075000000000003 1.0006284974767345 1251.3576499414783
22.125 1.0006924315058618 1255.6567453298383
22.175 1.000674425647229 1259.919983289638
22.225 1.0003585836502686 1264.1458955601943
22.275000000000002 1.0006865357605457 1268.3369993037293
22.325000000000003 1.000602925589298 1272.4913538064989
22.375 1.0006829344252106 1276.60944675052
22.425 1.0006285513558182 1280.6905048960816
22.475 1.000675006404373 1284.7347362932037
22.525000000000002 1.0005636194960363 1288.7413000311137
22.575000000000003 1.0006801696698888 1292.7109039894472
22.625 1.0007428454311715 1296.6431305867884
22.675 1.0006357909766925 1300.537101936208
22.725 1.0004259331700256 1304.3922273084108
22.775000000000002 1.0004552570543306 1308.2092371005815
22.825000000000003 1.000698278771703 1311.9887082944476
22.875 1.0005928723735995 1315.729140453017
22.925 1.0005602605293624 1319.4305789075972
22.975 1.0006575141329028 1323.0933235559828
23.025000000000002 1.000345554298949 1326.7156659111486
23.075000000000003 1.000491046639406 1330.2990699080055
23.125 1.0007172370228359 1333.8435991289216
23.175 1.0008035874109895 1337.3485377538675
23.225 1.000505133470762 1340.8123465920014
23.275000000000002 1.0006206920361085 1344.2362672473846
23.325000000000003 1.0006215812333963 1347.6196857621107
23.375 1.0007392603255916 1350.962799045967
23.425 1.000481366378435 1354.2641524672995
23.475 1.000479563471303 1357.5243854643468
23.525000000000002 1.000569481738784 1360.7435895886078
23.575000000000003 1.000602875311888 1363.921377301761
23.625 1.0005758191514709 1367.0573558508515
23.675 1.0006675153003282 1370.1516813178741
23.725 1.0008270417930638 1373.204353762058
23.775000000000002 1.0004620784771785 1376.2135700042943
23.825000000000003 1.0008291329529682 1379.181325037406
23.875 1.0005353107812465 1382.1054632238493
23.925 1.0004093511630814 1384.9862745063228
23.975 1.0006659436983796 1387.824659170711
24.025000000000002 1.0005770776408744 1390.619415788933
24.075000000000003 1.0007704229653183 1393.3711299349513
24.125 1.000378576601834 1396.0779938669382
24.175 1.000515121294609 1398.7412467594052
24.225 1.0007889021222072 1401.3610348577104
24.275000000000002 1.0004825998840774 1403.9356382383028
24.325000000000003 1.0006736222136423 1406.466108706267
24.375 1.000387072851469 1408.9510586492477
24.425 1.0009211667581344 1411.3923091418199
24.475 1.0004714000521489 1413.7872542553628
24.525000000000002 1.0008083034440085 1416.1375676932787
24.575000000000003 1.0007600249695985 1418.4421447935697
24.625 1.0005545256595787 1420.7004045449726
24.675 1.001011788098943 1422.9136377938735
24.725 1.0007021447890339 1425.0799412174274
24.775000000000002 1.000392070850114 1427.199145223183
24.825000000000003 1.0007074905664546 1429.2723454068653
24.875 1.0004537759620185 1431.2981650593224
24.925 1.0007871109187942 1433.2775908626363
24.975 1.0005076930285806 1435.2092102573229
25.025000000000002 1.0006917820141161 1437.0937091388512
