0.025 0.0 0.0
0.07500000000000001 0.0 0.0
0.125 0.0 0.0
0.17500000000000002 0.0 0.0
0.225 0.0 0.0
0.275 0.0 0.0
0.325 0.0 0.0
0.375 0.0 0.0
0.42500000000000004 0.0 0.0
0.47500000000000003 0.0 0.0
0.525 0.0 0.0
0.5750000000000001 0.0 0.0
0.625 0.0 0.0
0.675 0.0 0.0
0.7250000000000001 0.0 0.0
0.775 0.0 0.0
0.8250000000000001 0.0 0.0
0.875 0.0 0.0
0.925 0.0 0.0
0.9750000000000001 0.0 0.0
1.0250000000000001 0.0 0.0
1.075 0.0 0.0
1.125 0.0 0.0
1.175 0.0 0.0
1.225 0.0 0.0
1.2750000000000001 0.0 0.0
1.3250000000000002 8.192418095388108e-7 5.9256625631453416e-8
1.375 1.5333871922423183e-6 1.7776987689436026e-7
1.425 1.2816081348965201e-5 1.2443891382605212e-6
1.475 8.297038661885516e-5 8.651467342192234e-6
1.5250000000000001 10.481981766990367 1.0000417166644517
1.5750000000000002 0.0012865807778885904 1.00017267380712
1.625 0.00394999891529848 1.0006005955291866
1.675 0.01084421803318179 1.00184886597657
1.725 0.02563337839029698 1.004978178747842
1.7750000000000001 0.05414834094483778 1.011977304712239
1.8250000000000002 0.1017495519042126 1.025880834925911
1.875 0.17379844823261234 1.05094804675343
1.925 0.2717142554798221 1.0922558108528688
1.975 0.393843808138183 1.155280209768439
2.025 0.5325064733534893 1.2448619765047422
2.075 0.681166922615826 1.3651788809386376
2.125 0.8279550652250052 1.518556330829737
2.1750000000000003 0.9635878911446087 1.7055557530776588
2.225 1.0797546290825941 1.9248415625972217
2.275 1.1714549758039339 2.173560849147437
2.325 1.2330506634483867 2.4469908300371928
2.375 1.2646916907045977 2.7396288164970266
2.4250000000000003 1.2684642094068552 3.045626861028398
2.475 1.2459427767134574 3.3587145460201584
2.5250000000000004 1.2026477014623298 3.6732560034368964
2.575 1.1428963936909562 3.984127372116825
2.625 1.0725458179768133 4.287303942047042
2.6750000000000003 0.9999583582072787 4.580833799979236
2.725 0.9294472082308549 4.863962579440923
2.7750000000000004 0.8679505354367142 5.138152230271253
2.825 0.8198041107974842 5.406551145874941
2.875 0.7858799145604146 5.6730345614268884
2.9250000000000003 0.7668381987204269 5.942184702902059
2.975 0.7604430513635394 6.218293705464918
3.0250000000000004 0.7649857726025424 6.505466482971115
3.075 0.7784079033108795 6.807417388856789
3.125 0.7987405118003744 7.127413477919517
3.1750000000000003 0.8241482933270114 7.468239011599474
3.225 0.8537597826372232 7.8325160955809245
3.2750000000000004 0.8869170817805615 8.222764766010409
3.325 0.9228789369352701 8.641328800201459
3.375 0.9606229840961732 9.09021175355177
3.4250000000000003 0.9990075694487563 9.570962179458647
3.475 1.0374482828461418 10.084890775224832
3.5250000000000004 1.0720460531626916 10.631350547383036
3.575 1.1055034802935033 11.21096226834364
3.625 1.1330909061894567 11.821769254699769
3.6750000000000003 1.1545788916275237 12.461445713523858
3.725 1.1693405261922118 13.127046146097207
3.7750000000000004 1.1763694662789836 13.814742426262423
3.825 1.1756878960778498 14.520365791149953
3.875 1.1672932717912399 15.239387197606048
3.9250000000000003 1.1526936121034421 15.967854021302719
3.975 1.1339276583001463 16.702834066634026
4.025 1.1127871664680884 17.442371509414407
4.075 1.090935367587564 18.185511755033023
4.125 1.0711398806531214 18.93318202153976
4.175 1.0534143404576632 19.686413137193846
4.2250000000000005 1.0391611751655547 20.447353006532936
4.275 1.0280934067664445 21.2181159059597
4.325 1.0206985704945548 22.0013360591381
4.375 1.0156044150809 22.798771313867604
4.425 1.0125756175778957 23.61210295838696
4.4750000000000005 1.0105897977678227 24.442288372368544
4.525 1.0096729908192101 25.290358472956623
4.575 1.0084624463987168 26.15623335259172
4.625 1.0078570350818663 27.040607913722198
4.675 1.006851773017691 27.943304149445098
4.7250000000000005 1.0054057421819322 28.86408879605352
4.775 1.0030290305194096 29.802238893086148
4.825 1.0006897204373075 30.75790542642557
4.875 0.9975458191498913 31.73041672221974
4.925000000000001 0.9939943284881431 32.71944423210789
4.9750000000000005 0.9900358128638551 33.724635942106445
5.025 0.9855882623207406 34.74552591736644
5.075 0.981457562454432 35.78247020132442
5.125 0.9773305817055921 36.83549910374346
5.175000000000001 0.9738206735915674 37.90531896360151
5.2250000000000005 0.9698242516393498 38.99143563989768
5.275 0.9676869366633338 40.09600154067211
5.325 0.9656975682456164 41.21929004636809
5.375 0.9642873907934368 42.362102602847514
5.425000000000001 0.9643663533713863 43.52637210198045
5.4750000000000005 0.9647637459955196 44.71268998414865
5.525 0.9660750177384183 45.922418470290076
5.575 0.9680174635980159 47.15662026872883
5.625 0.9704602470818238 48.416228730575334
5.675000000000001 0.9735955223486685 49.7024722160493
5.7250000000000005 0.976689090917202 51.01564280106036
5.775 0.9804226241770001 52.356957675955236
5.825 0.98375729886273 53.72624271513868
5.875 0.9874370465170474 55.12434638460536
5.925000000000001 0.9904951850637541 56.55075504792386
5.9750000000000005 0.9935840343125786 58.005861517265956
6.025 0.9962765797514235 59.48943590655216
6.075 0.9984776684107393 61.001071330163505
6.125 1.0001857182004137 62.540319126557634
6.175000000000001 1.0012249305453884 64.10642561071349
6.2250000000000005 1.0025174635017806 65.70005087181345
6.275 1.003148096971312 67.32040164140817
6.325 1.0035300663460451 68.96730275691459
6.375 1.003494636562072 70.64028786868732
6.425000000000001 1.0032913231306342 72.33927378042475
6.4750000000000005 1.0032894464340971 74.06480405315321
6.525 1.0033862334556605 75.81725704042739
6.575 1.002976779482144 77.59594142482622
6.625 1.0026293035039686 79.40115606713765
6.675000000000001 1.0028438933987542 81.23411306164174
6.7250000000000005 1.002885509217908 83.09471066471147
6.775 1.0030415751983315 84.98337383523666
6.825 1.0034395989389766 86.90077501740653
6.875 1.0036987457460163 88.84687578329896
6.925000000000001 1.0040443645878465 90.82206138986376
6.9750000000000005 1.0044151145664355 92.82661354310126
7.025 1.0046345566965331 94.86045437980496
7.075 1.0054020177583223 96.92492019613928
7.125 1.0055946024709657 99.01907147830535
7.175000000000001 1.0061560431145966 101.14389778232058
7.2250000000000005 1.0065849255706825 103.2993594951346
7.275 1.006327678624487 105.48419907263367
7.325 1.006790331080211 107.70019249514849
7.375 1.0070221525231002 109.94705506421927
7.425000000000001 1.0069358808750746 112.22429068337658
7.4750000000000005 1.0069428985750146 114.53231711183223
7.525 1.006754169502863 116.87088443476534
7.575 1.0067647007696747 119.24065443017324
7.625 1.0066291438809776 121.64148728204658
7.675000000000001 1.0065253338207745 124.07366117061436
7.7250000000000005 1.0061215337437976 126.53663466808901
7.775 1.005932662688696 129.03112703139098
7.825 1.0056099141455064 131.55699530391172
7.875 1.005199607882931 134.11420156141182
7.925000000000001 1.004919179137148 136.70325866998422
7.9750000000000005 1.0044944736537975 139.32398000088912
8.025 1.003854133274441 141.97597659363208
8.075000000000001 1.0031981358860407 144.65936393938034
8.125 1.0027571696554265 147.3748910122507
8.175 1.002345225514468 150.1228183932578
8.225 1.0015463114494059 152.9022418559161
8.275 1.0009666487153608 155.71393309926995
8.325000000000001 1.0001403471725256 158.55735386575327
8.375 0.9996558298385705 161.43363850495675
8.425 0.9992213228254644 164.3431073285629
8.475 0.998509665738815 167.28511352087992
8.525 0.9978632538984625 170.2600126512895
8.575000000000001 0.9974415432479354 173.2686385197702
8.625 0.99682482302737 176.31056678962398
8.675 0.9963504183299066 179.3864037450177
8.725 0.9959715746993039 182.49661543931416
8.775 0.9956196685575371 185.64146837918364
8.825000000000001 0.995263149242892 188.82112157978187
8.875 0.9951831551650877 192.03665238582033
8.925 0.9951053755596585 195.28826224019807
8.975 0.9949201643861822 198.57579695717266
9.025 0.9953532754773117 201.90150805149477
9.075000000000001 0.9952063236838733 205.26367491815074
9.125 0.9954400590399337 208.66379043894437
9.175 0.9956216303434973 212.1019014266025
9.225 0.9960216594622532 215.5789829489046
9.275 0.9963783535664247 219.09511491341274
9.325000000000001 0.9967240926010827 222.65049550390427
9.375 0.9971520895257516 226.24564567500633
9.425 0.9975606499072784 229.8807393745471
9.475 0.9979331284374415 233.55587455372296
9.525 0.998449731470333 237.27182193383942
9.575000000000001 0.9989995671257105 241.02895269839817
9.625 0.9994266017634553 244.8270454350173
9.675 0.9998989283194575 248.66651831770417
9.725000000000001 1.0002474994622172 252.5471279794974
9.775 1.0006415229025767 256.4692937202791
9.825000000000001 1.0010670443379206 260.43336355421377
9.875 1.0014494723310416 264.43941762588406
9.925 1.0019048907958648 268.48797881575746
9.975000000000001 1.0020923480472095 272.57820025776806
10.025 1.0022380912811124 276.7101300682939
10.075000000000001 1.002427712624338 280.88416899989596
10.125 1.002509716093568 285.10008532954146
10.175 1.0027921146546848 289.35893936565714
10.225000000000001 1.0028210354782685 293.65987582774073
10.275 1.0028449389418792 298.0030829444624
10.325000000000001 1.0029212667337504 302.3889972593815
10.375 1.0028493261086322 306.81717357747215
10.425 1.0025994067066784 311.2870187399062
10.475000000000001 1.0026641059679802 315.8001332088958
10.525 1.0024181166409074 320.35531745255895
10.575000000000001 1.0023677881822108 324.9536555116053
10.625 1.0022552731925256 329.5950573752275
10.675 1.0020448996203593 334.27926068470947
10.725000000000001 1.001695177940063 339.00579429062395
10.775 1.0015866073505657 343.77597982311715
10.825000000000001 1.001356348641816 348.589432143755
10.875 1.0012616273061676 353.4469995111333
10.925 1.0009672605989814 358.34789716012705
10.975000000000001 1.0008461865772917 363.29315772632367
11.025 1.0005462110144276 368.28208675170197
11.075000000000001 1.000208749841528 373.31466441491426
11.125 1.000263575203966 378.3930628860933
11.175 1.000099589033575 383.51637396856296
11.225000000000001 0.9998530508686024 388.6843590951492
11.275 0.9998696331306696 393.898572122717
11.325000000000001 0.9998326068985182 399.15893628431087
11.375 0.9998042700235359 404.4657014058634
11.425 0.9997213724765185 409.8187844392098
11.475000000000001 0.99951716768198 415.21771530154064
11.525 0.9997040017693924 420.66481821548587
11.575000000000001 0.9995472988617655 426.1584282772619
11.625 0.9993662548315385 431.69859878820085
11.675 0.999535167781581 437.2874678458714
11.725000000000001 0.9996656052778772 442.9250443980244
11.775 0.999520741933106 448.60998571915326
11.825000000000001 0.9996632014673479 454.3441256536754
11.875 0.999484606889495 460.1258249559296
11.925 0.9996540721368555 465.9573010681009
11.975000000000001 0.9998149898001084 471.8387306045637
12.025 0.9997183022996127 477.76880242359346
12.075000000000001 0.9997470532778081 483.7484717419981
12.125 0.9998173264010551 489.77817999199976
12.175 1.000007449569891 495.8588821533877
12.225000000000001 1.0000217812847376 501.9897178495809
12.275 0.999960193183698 508.1704240404134
12.325000000000001 0.9998565173038073 514.4009399285919
12.375 0.999926182581391 520.6825506718236
12.425 1.0001187151786048 527.0162434854727
12.475000000000001 1.0002045192048006 533.4015573233787
12.525 1.00007825040304 539.8373534509576
12.575000000000001 1.0002222590467547 546.3255664192686
12.625 1.0001816405493333 552.865211916505
12.675 1.00022311332766 559.4570321615321
12.725000000000001 1.000316149362886 566.1015781817089
12.775 1.0003037791202787 572.7983572581944
12.825000000000001 1.0002589012345613 579.5473642949171
12.875 1.0003125990607167 586.3494587203528
12.925 1.0004392252957452 593.2053574804091
12.975000000000001 1.000271287804046 600.113238374592
13.025 1.0002022768233316 607.0739846525373
13.075000000000001 1.0003290587829337 614.0891689554569
13.125 1.0002038571400567 621.1572202124321
13.175 1.0003826814490782 628.2804979037968
13.225000000000001 1.0003585067375915 635.4577726323262
13.275 1.0003559767781147 642.6894006488625
13.325000000000001 1.0004206402857003 649.976079077967
13.375 1.0004030682292282 657.3174168851783
13.425 1.0003644466667765 664.7134576241042
13.475000000000001 1.0004908161227766 672.1656330829694
13.525 1.0004449693668642 679.6728732056373
13.575000000000001 1.0004623544258753 687.2358494881714
13.625 1.0005265799897867 694.8551315645226
13.675 1.0004963970508414 702.530204050188
13.725000000000001 1.0002892789605962 710.2599078263194
13.775 1.000513955197038 718.0477789727887
13.825000000000001 1.0006198333994987 725.8931170170225
13.875 1.0003914335234807 733.7935060663968
13.925 1.0004856071945103 741.7516891397445
13.975000000000001 1.0004996285842431 749.7672358858164
14.025 1.0003911729448158 757.8393654207946
14.075000000000001 1.000452836922184 765.9696443121021
14.125 1.0004404405906857 774.1576934062214
14.175 1.0004394072006972 782.4038061123262
14.225000000000001 1.000415905835483 790.708004088706
14.275 1.000386072587423 799.070422055315
14.325000000000001 1.000400863251575 807.4916496748295
14.375 1.0004934123098637 815.9725629379416
14.425 1.0004981868062364 824.5126088025731
14.475000000000001 1.0003968093872313 833.1110909144759
14.525 1.0003986354552368 841.769089433059
14.575000000000001 1.0003920902588297 850.4867416855533
14.625 1.0003834172718054 859.2642292638861
14.675 1.000430467425055 868.1022527591431
14.725000000000001 1.000256833598857 876.9990665007466
14.775 1.0002337524776337 885.9561909248503
14.825000000000001 1.000358038203069 894.9751704072393
14.875 1.0001978772714464 904.0536260906918
14.925 1.0002258723468243 913.1934703050284
14.975000000000001 1.000190749391693 922.394336459116
15.025 1.0002051802967367 931.6568738574542
15.075000000000001 1.0001733054301667 940.9808721982768
15.125 1.000249899803743 950.3675450276356
15.175 1.0001911390582745 959.8158283039289
15.225000000000001 1.0001181146363625 969.3257765728863
15.275 1.0000876432358217 978.8980026665479
15.325000000000001 1.0001914206107496 988.5339887116096
15.375 1.000178499069878 998.2328367628128
15.425 1.00020205287867 1007.9951001881404
15.475000000000001 1.0001398070601084 1017.8201431343815
15.525 1.0001818451796098 1027.7091874731523
15.575000000000001 1.0001587744374945 1037.66180027554
15.625 1.0002404782556653 1047.6792346117938
15.675 1.0000679412960702 1057.7591475045529
15.725000000000001 1.0001941772502618 1067.9047528850515
15.775 1.00021016512144 1078.1151403345125
15.825000000000001 1.0001551045277943 1088.3897836244355
15.875 1.0003072678863925 1098.7310391538276
15.925 1.000255689529837 1109.1369975852897
15.975000000000001 1.0002245079759906 1119.6080791372203
16.025000000000002 1.000106329227811 1130.143568582136
16.075 1.0002499561004632 1140.746419596161
16.125 1.0003449705846712 1151.4163471253187
16.175 1.0003778455357786 1162.15290093773
16.225 1.0002805703307607 1172.9548841088535
16.275000000000002 1.0003399789047998 1183.8241894730593
16.325 1.0003550890002848 1194.7605504940555
16.375 1.0003539149607485 1205.7639856006424
16.425 1.0002382172171307 1216.8334472838274
16.475 1.0003176147735504 1227.9712910537273
16.525000000000002 1.0002740461283786 1239.1763528732113
16.575 1.0002949825671428 1250.4495591307036
16.625 1.0002802702713216 1261.7907169459213
16.675 1.0003732799337073 1273.2012498407557
16.725 1.0003466311606555 1284.6800131845923
16.775000000000002 1.0003088563198501 1296.227070589452
16.825 1.0004251616947066 1307.8444154482002
16.875 1.000414865360462 1319.5307899500767
16.925 1.0003163970983306 1331.2853723241942
16.975 1.0003272652240138 1343.1096349495513
17.025000000000002 1.000312353325261 1355.0034792231368
17.075 1.0003148842370488 1366.9673141638152
17.125 1.0004353890305828 1379.0027675214455
17.175 1.000480136239298 1391.1091402752545
17.225 1.0003064033012994 1403.2839904893065
17.275000000000002 1.0002682727233694 1415.529159118853
17.325 1.0003052662655014 1427.845772632324
17.375 1.0002112685708378 1440.232410885437
17.425 1.0003250933871852 1452.6918631764597
17.475 1.0003192990383425 1465.222848643762
17.525000000000002 1.0002500149644897 1477.8247696546784
17.575 1.0003178452389818 1490.499561767618
17.625 1.0003245070112146 1503.2466610372892
17.675 1.0003872995832306 1516.066986978362
17.725 1.0001810768597974 1528.9572957053808
17.775000000000002 1.000293441543085 1541.9218754722035
17.825 1.000286018809275 1554.958577159543
17.875 1.000238484554098 1568.0565807149308
17.925 1.0003611787864224 1581.1805794112806
17.975 1.0002487214573885 1594.2845303467861
18.025000000000002 1.0002592747363572 1607.3533455401976
18.075 1.0002457679971715 1620.3841696220918
18.125 1.0002841682052663 1633.377169488761
18.175 1.0003118288342558 1646.33179266107
18.225 1.0003047149084041 1659.2471777846847
18.275000000000002 1.0003169976567976 1672.123164096416
18.325 1.0003063010613311 1684.9590459979588
18.375 1.000322009464875 1697.7547516110324
18.425 1.000306628544518 1710.5094729123027
18.475 1.0002134656461545 1723.2218121565002
18.525000000000002 1.0002060979635221 1735.8924533428205
18.575 1.0003748495307356 1748.5232112054314
18.625 1.0003055369928804 1761.110664800088
18.675 1.000335098657548 1773.6556498822376
18.725 1.0002024084499732 1786.1557259677315
18.775000000000002 1.000251891134892 1798.6127625735228
18.825 1.0003373483791493 1811.0267919351825
18.875 1.000246788947454 1823.3952194717147
18.925 1.000308637100017 1835.7195206731462
18.975 1.0002100892009707 1847.9973108750864
19.025000000000002 1.0002444274968996 1860.229812571293
19.075 1.000212237209185 1872.415803830946
19.125 1.0002734368987418 1884.5560106069458
19.175 1.0003222715907345 1896.649866642972
19.225 1.0001769576456503 1908.6946184317792
19.275000000000002 1.000356688346665 1920.6937681584527
19.325000000000003 1.0002365951588723 1932.6433086529528
19.375 1.0002924613104012 1944.5449315141534
19.425 1.0002773461044032 1956.3973827237373
19.475 1.0003001782079648 1968.200699731865
19.525000000000002 1.0001969960923658 1979.9529895856454
19.575000000000003 1.0002902635907378 1991.6561515191838
19.625 1.000328287388534 2003.3091215797665
19.675 1.0002532994032924 2014.9101710738732
19.725 1.000372927529094 2026.4611506155206
19.775000000000002 1.0003032276628958 2037.9594589277517
19.825000000000003 1.0002811958777929 2049.4052395893655
19.875 1.000189560950285 2060.797286787257
19.925 1.0003781145850124 2072.1383819089456
19.975 1.0003094375404213 2083.425187147247
20.025000000000002 1.000248518823511 2094.6573938935917
20.075000000000003 1.000315553012229 2105.8360220434665
20.125 1.000227174660999 2116.9589282550246
20.175 1.000364764337455 2128.02821527932
20.225 1.0002382128834444 2139.040544123962
20.275000000000002 1.0002382195746402 2149.996906744886
20.325000000000003 1.0003017594272074 2160.897584818451
20.375 1.0003050854317304 2171.7415053256864
20.425 1.0004345866002733 2182.5296232463797
20.475 1.000329181422392 2193.2589922225607
20.525000000000002 1.0002868827905234 2203.9298836792445
20.575000000000003 1.0003852998185432 2214.543389597489
20.625 1.0003255927759156 2225.097420292431
20.675 1.0004161019014786 2235.593147149013
20.725 1.0002235274698357 2246.027192569236
20.775000000000002 1.0002960144747302 2256.401920625736
20.825000000000003 1.0003795806427438 2266.7170297912594
20.875 1.0002266332413035 2276.96967388117
20.925 1.0003289248411666 2287.1620593158914
20.975 1.000199916621651 2297.2914241144895
21.025000000000002 1.0001492235140064 2307.3581560226967
21.075000000000003 1.000337918213862 2317.3642509814463
21.125 1.000252628585151 2327.3065468497766
21.175 1.000349304550393 2337.1864479208366
21.225 1.000329996308032 2347.0023890493726
21.275000000000002 1.0003472737743793 2356.754321082017
21.325000000000003 1.0002974962541613 2366.4411839177505
21.375 1.000249384519167 2376.062584477718
21.425 1.0002613652180439 2385.618688858273
21.475 1.000254122183467 2395.1089116928024
21.525000000000002 1.0003752579363814 2404.5340489755986
21.575000000000003 1.0003595282780298 2413.892399952586
21.625 1.0002551791783356 2423.182731108236
21.675 1.0002836971076428 2432.4058653096768
21.725 1.0003524968332536 2441.5617595069807
21.775000000000002 1.000238574215265 2450.6483366961393
21.825000000000003 1.0004130960039663 2459.6678014903055
21.875 1.000234592443764 2468.616559412166
21.925 1.0004136444181866 2477.4973966490375
21.975 1.0001653600728442 2486.306124587044
22.025000000000002 1.0002493611509355 2495.0452579589046
22.075000000000003 1.0004290548014256 2503.7152111165287
22.125 1.000289828194174 2512.312808378901
22.175 1.0002421501554846 2520.8384406618966
22.225 1.0001642110091744 2529.291441150758
22.275000000000002 1.0002494297165765 2537.6727859206367
22.325000000000003 1.0003604242300268 2545.98226055137
22.375 1.0002816299519186 2554.217884834729
22.425 1.0002137061517713 2562.379333274054
22.475 1.00023746003078 2570.4669642830636
22.525000000000002 1.000231504119656 2578.4801090914534
22.575000000000003 1.0003136448462682 2586.419066026703
22.625 1.000203730860356 2594.281907055979
22.675 1.0003729601046691 2602.07039974518
22.725 1.0003230636001745 2609.7824267069495
22.775000000000002 1.0002821007570741 2617.4176530524464
22.825000000000003 1.000281825410278 2624.9759830822404
22.875 1.0003404734956278 2632.457449802237
22.925 1.0002397142467343 2639.8604448394844
22.975 1.0001792037728976 2647.184875220371
23.025000000000002 1.0001877475625218 2654.4308397849045
23.075000000000003 1.0002982100595892 2661.598644771334
23.125 1.000327675125823 2668.6873107269403
23.175 1.0002872732452384 2675.6959170999735
23.225 1.0003978666146671 2682.6251090173782
23.275000000000002 1.0003321638559133 2689.4732517962057
23.325000000000003 1.0002412556529539 2696.239784720678
23.375 1.0002737198371983 2702.925125994394
23.425 1.0002371118855922 2709.5284120705746
23.475 1.0002556193962553 2716.0495868035523
23.525000000000002 1.0001614051618948 2722.487509118142
23.575000000000003 1.0002013548492816 2728.8426450380034
23.625 1.0003193936756547 2735.115077581725
23.675 1.000362673334717 2741.3038969823506
23.725 1.0002304304313452 2747.407630090511
23.775000000000002 1.000181752863601 2753.4263741166933
23.825000000000003 1.0002972312367062 2759.360714338634
23.875 1.0002914640143152 2765.209508555187
23.925 1.000350069378775 2770.9727137460695
23.975 1.0003906191046632 2776.6498088677363
24.025000000000002 1.000310260772223 2782.2396942358014
24.075000000000003 1.0002639467293937 2787.7421758736587
24.125 1.0002350031973841 2793.156940106373
24.175 1.0003606261565872 2798.4844111224775
24.225 1.000496523762873 2803.7242043760957
24.275000000000002 1.000275249608592 2808.874038694579
24.325000000000003 1.0002963707110524 2813.9347634030873
24.375 1.0003703140665654 2818.9062478704477
24.425 1.000398754161602 2823.787843414356
24.475 1.0003742511169478 2828.5788544805346
24.525000000000002 1.0001834590603236 2833.278128912788
24.575000000000003 1.0002946871567122 2837.8866487119108
24.625 1.0002449140982173 2842.4032926240175
24.675 1.0002630068881664 2846.8279382842325
24.725 1.0001197860694577 2851.1594632238475
24.775000000000002 1.0002854080308508 2855.3988140378915
24.825000000000003 1.0002022947177045 2859.5445054293887
24.875 1.0003717444047886 2863.5971796512563
24.925 1.0003845492567633 2867.5557673881303
24.975 1.0003264031995298 2871.4195796038593
25.025000000000002 1.0001979258887976 2875.1879558834353
